228

454								 750 	 600 	 650 	 500 	 410 	 440 	 340 	 250 	 350 	 330 	 340 	 300 	 250 	 210 	 255 	 250 	 200 	 225 	 214 	 180 
20								 50 	 20 	 15 	 21 	 15 	 18 	 23 	 30 	 24 	 15 	 14 	 20 	 30 	 25 	 22 	 20 	 24 	 35 	 21 	 25 
664								 930 	 650 	 480 	 450 	 340 	 330 	 320 	 310 	 300 	 250 	 300 	 250 	 280 	 200 	 255 	 175 	 230 	 190 	 215 	 165 
389								 630 	 540 	 520 	 250 	 170 	 200 	 200 	 195 	 213 	 224 	 250 	 220 	 235 	 240 	 210 	 225 	 240 	 233 	 243 	 210 
15								 15 	 25 	 30 	 35 	 40 	 45 	 60 	 70 	 75 	 70 	 98 	 80 	 80 	 75 	 85 	 75 	 80 	 70 	 65 	 60 
30								 40 	 30 	 20 	 25 	 40 	 40 	 60 	 55 	 70 	 75 	 65 	 70 	 70 	 70 	 85 	 85 	 90 	 65 	 65 	 50 
25								 90 	 20 	 15 	 15 	 18 	 25 	 35 	 25 	 20 	 33 	 40 	 30 	 32 	 45 	 35 	 40 	 55 	 45 	 55 	 80 
18								 25 	 20 	 20 	 20 	 15 	 20 	 30 	 35 	 32 	 36 	 45 	 35 	 50 	 40 	 35 	 55 	 45 	 40 	 45 	 30 
15								 25 	 20 	 18 	 45 	 50 	 65 	 70 	 95 	 110 	 95 	 102 	 118 	 106 	 139 	 128 	 124 	 134 	 125 	 123 	 107 
50								 30 	 35 	 50 	 55 	 60 	 80 	 100 	 114 	 119 	 137 	 127 	 120 	 130 	 139 	 149 	 146 	 143 	 157 	 120 	 137 
18								 10 	 15 	 5 	 25 	 20 	 15 	 40 	 28 	 25 	 42 	 50 	 47 	 60 	 58 	 74 	 74 	 71 	 63 	 57 	 46 
60								 85 	 75 	 70 	 70 	 55 	 65 	 90 	 106 	 69 	 81 	 84 	 100 	 83 	 79 	 78 	 80 	 95 	 86 	 101 	 81 
25								 44 	 40 	 20 	 50 	 45 	 40 	 60 	 57 	 64 	 54 	 75 	 54 	 67 	 68 	 62 	 71 	 65 	 70 	 66 	 45 
12								 35 	 25 	 10 	 25 	 15 	 15 	 15 	 22 	 23 	 17 	 19 	 25 	 17 	 26 	 28 	 19 	 16 	 23 	 26 	 23 
49								 55 	 50 	 50 	 70 	 45 	 55 	 60 	 63 	 64 	 61 	 65 	 68 	 81 	 76 	 68 	 92 	 107 	 96 	 88 	 93 
15								 40 	 35 	 20 	 30 	 30 	 30 	 50 	 52 	 53 	 56 	 62 	 52 	 53 	 72 	 54 	 67 	 56 	 62 	 57 	 49 
22								 30 	 20 	 10 	 15 	 10 	 20 	 30 	 24 	 32 	 27 	 38 	 40 	 45 	 32 	 35 	 38 	 48 	 45 	 41 	 34 
20								 62 	 31 	 17 	 15 	 25 	 20 	 25 	 26 	 28 	 33 	 42 	 43 	 29 	 32 	 31 	 31 	 34 	 38 	 43 	 39 
25								 30 	 35 	 20 	 35 	 30 	 40 	 40 	 55 	 52 	 52 	 53 	 50 	 56 	 58 	 46 	 59 	 60 	 47 	 42 	 51 
25								 25 	 20 	 15 	 30 	 35 	 30 	 30 	 38 	 33 	 39 	 40 	 40 	 57 	 52 	 47 	 52 	 32 	 47 	 48 	 36 
64								71.1638250556	71.1638250556	71.1638250556	51.4040029652	51.4040029652	51.3802816901	65.233506301	65.233506301	65.233506301	65.233506301	66.4195700519	66.4195700519	66.4195700519	66.4195700519	66.4195700519	71.1638250556	71.1638250556	71.1638250556	71.1638250556	71.1638250556
42								46.7012601927	46.7012601927	46.7012601927	33.7338769459	33.7338769459	33.7183098592	42.80948851	42.80948851	42.80948851	42.80948851	43.5878428466	43.5878428466	43.5878428466	43.5878428466	43.5878428466	46.7012601927	46.7012601927	46.7012601927	46.7012601927	46.7012601927
12								13.3432171979	13.3432171979	13.3432171979	9.638250556	9.638250556	9.6338028169	12.2312824314	12.2312824314	12.2312824314	12.2312824314	12.4536693847	12.4536693847	12.4536693847	12.4536693847	12.4536693847	13.3432171979	13.3432171979	13.3432171979	13.3432171979	13.3432171979
12								13.3432171979	13.3432171979	13.3432171979	9.638250556	9.638250556	9.6338028169	12.2312824314	12.2312824314	12.2312824314	12.2312824314	12.4536693847	12.4536693847	12.4536693847	12.4536693847	12.4536693847	13.3432171979	13.3432171979	13.3432171979	13.3432171979	13.3432171979
12								13.3432171979	13.3432171979	13.3432171979	9.638250556	9.638250556	9.6338028169	12.2312824314	12.2312824314	12.2312824314	12.2312824314	12.4536693847	12.4536693847	12.4536693847	12.4536693847	12.4536693847	13.3432171979	13.3432171979	13.3432171979	13.3432171979	13.3432171979
377								419.1994069681	419.1994069681	419.1994069681	302.8017049666	302.8017049666	302.661971831	384.2661230541	384.2661230541	384.2661230541	384.2661230541	391.2527798369	391.2527798369	391.2527798369	391.2527798369	391.2527798369	419.1994069681	419.1994069681	419.1994069681	419.1994069681	419.1994069681
31								34.4699777613	34.4699777613	34.4699777613	24.8988139362	24.8988139362	24.8873239437	31.5974796145	31.5974796145	31.5974796145	31.5974796145	32.1719792439	32.1719792439	32.1719792439	32.1719792439	32.1719792439	34.4699777613	34.4699777613	34.4699777613	34.4699777613	34.4699777613
20								22.2386953299	22.2386953299	22.2386953299	16.0637509266	16.0637509266	16.0563380282	20.3854707191	20.3854707191	20.3854707191	20.3854707191	20.7561156412	20.7561156412	20.7561156412	20.7561156412	20.7561156412	22.2386953299	22.2386953299	22.2386953299	22.2386953299	22.2386953299
26								28.9103039288	28.9103039288	28.9103039288	20.8828762046	20.8828762046	20.8732394366	26.5011119348	26.5011119348	26.5011119348	26.5011119348	26.9829503336	26.9829503336	26.9829503336	26.9829503336	26.9829503336	28.9103039288	28.9103039288	28.9103039288	28.9103039288	28.9103039288
73								81.171237954	81.171237954	81.171237954	58.6326908821	58.6326908821	58.6056338028	74.4069681245	74.4069681245	74.4069681245	74.4069681245	75.7598220904	75.7598220904	75.7598220904	75.7598220904	75.7598220904	81.171237954	81.171237954	81.171237954	81.171237954	81.171237954
50								55.5967383247	55.5967383247	55.5967383247	40.1593773165	40.1593773165	40.1408450704	50.9636767976	50.9636767976	50.9636767976	50.9636767976	51.890289103	51.890289103	51.890289103	51.890289103	51.890289103	55.5967383247	55.5967383247	55.5967383247	55.5967383247	55.5967383247
48								53.3728687917	53.3728687917	53.3728687917	38.5530022239	38.5530022239	38.5352112676	48.9251297257	48.9251297257	48.9251297257	48.9251297257	49.8146775389	49.8146775389	49.8146775389	49.8146775389	49.8146775389	53.3728687917	53.3728687917	53.3728687917	53.3728687917	53.3728687917
15								16.6790214974	16.6790214974	16.6790214974	12.047813195	12.047813195	12.0422535211	15.2891030393	15.2891030393	15.2891030393	15.2891030393	15.5670867309	15.5670867309	15.5670867309	15.5670867309	15.5670867309	16.6790214974	16.6790214974	16.6790214974	16.6790214974	16.6790214974
10								11.1193476649	11.1193476649	11.1193476649	8.0318754633	8.0318754633	8.0281690141	10.1927353595	10.1927353595	10.1927353595	10.1927353595	10.3780578206	10.3780578206	10.3780578206	10.3780578206	10.3780578206	11.1193476649	11.1193476649	11.1193476649	11.1193476649	11.1193476649
190								211.2676056338	211.2676056338	211.2676056338	152.6056338028	152.6056338028	152.5352112676	193.661971831	193.661971831	193.661971831	193.661971831	197.1830985916	197.1830985916	197.1830985916	197.1830985916	197.1830985916	211.2676056338	211.2676056338	211.2676056338	211.2676056338	211.2676056338
24								26.6864343958	26.6864343958	26.6864343958	19.2765011119	19.2765011119	19.2676056338	24.4625648629	24.4625648629	24.4625648629	24.4625648629	24.9073387695	24.9073387695	24.9073387695	24.9073387695	24.9073387695	26.6864343958	26.6864343958	26.6864343958	26.6864343958	26.6864343958
30								33.3580429948	33.3580429948	33.3580429948	24.0956263899	24.0956263899	24.0845070423	30.5782060786	30.5782060786	30.5782060786	30.5782060786	31.1341734618	31.1341734618	31.1341734618	31.1341734618	31.1341734618	33.3580429948	33.3580429948	33.3580429948	33.3580429948	33.3580429948
193								214.6034099333	214.6034099333	214.6034099333	155.0151964418	155.0151964418	154.9436619718	196.7197924388	196.7197924388	196.7197924388	196.7197924388	200.2965159377	200.2965159377	200.2965159377	200.2965159377	200.2965159377	214.6034099333	214.6034099333	214.6034099333	214.6034099333	214.6034099333
61								67.8280207561	67.8280207561	67.8280207561	48.9944403262	48.9944403262	48.9718309859	62.1756856931	62.1756856931	62.1756856931	62.1756856931	63.3061527057	63.3061527057	63.3061527057	63.3061527057	63.3061527057	67.8280207561	67.8280207561	67.8280207561	67.8280207561	67.8280207561
38								42.2535211268	42.2535211268	42.2535211268	30.5211267606	30.5211267606	30.5070422535	38.7323943662	38.7323943662	38.7323943662	38.7323943662	39.4366197183	39.4366197183	39.4366197183	39.4366197183	39.4366197183	42.2535211268	42.2535211268	42.2535211268	42.2535211268	42.2535211268
305								339.1401037806	339.1401037806	339.1401037806	244.9722016308	244.9722016308	244.8591549296	310.8784284655	310.8784284655	310.8784284655	310.8784284655	316.5307635285	316.5307635285	316.5307635285	316.5307635285	316.5307635285	339.1401037806	339.1401037806	339.1401037806	339.1401037806	339.1401037806
20								22.2386953299	22.2386953299	22.2386953299	16.0637509266	16.0637509266	16.0563380282	20.3854707191	20.3854707191	20.3854707191	20.3854707191	20.7561156412	20.7561156412	20.7561156412	20.7561156412	20.7561156412	22.2386953299	22.2386953299	22.2386953299	22.2386953299	22.2386953299
70								77.8354336546	77.8354336546	77.8354336546	56.2231282431	56.2231282431	56.1971830986	71.3491475167	71.3491475167	71.3491475167	71.3491475167	72.6464047443	72.6464047443	72.6464047443	72.6464047443	72.6464047443	77.8354336546	77.8354336546	77.8354336546	77.8354336546	77.8354336546
50								55.5967383247	55.5967383247	55.5967383247	40.1593773165	40.1593773165	40.1408450704	50.9636767976	50.9636767976	50.9636767976	50.9636767976	51.890289103	51.890289103	51.890289103	51.890289103	51.890289103	55.5967383247	55.5967383247	55.5967383247	55.5967383247	55.5967383247
28								31.1341734618	31.1341734618	31.1341734618	22.4892512973	22.4892512973	22.4788732394	28.5396590067	28.5396590067	28.5396590067	28.5396590067	29.0585618977	29.0585618977	29.0585618977	29.0585618977	29.0585618977	31.1341734618	31.1341734618	31.1341734618	31.1341734618	31.1341734618
25								27.7983691623	27.7983691623	27.7983691623	20.0796886583	20.0796886583	20.0704225352	25.4818383988	25.4818383988	25.4818383988	25.4818383988	25.9451445515	25.9451445515	25.9451445515	25.9451445515	25.9451445515	27.7983691623	27.7983691623	27.7983691623	27.7983691623	27.7983691623
31								34.4699777613	34.4699777613	34.4699777613	24.8988139362	24.8988139362	24.8873239437	31.5974796145	31.5974796145	31.5974796145	31.5974796145	32.1719792439	32.1719792439	32.1719792439	32.1719792439	32.1719792439	34.4699777613	34.4699777613	34.4699777613	34.4699777613	34.4699777613
358								398.0726464047	398.0726464047	398.0726464047	287.5411415864	287.5411415864	287.4084507042	364.899925871	364.899925871	364.899925871	364.899925871	371.5344699778	371.5344699778	371.5344699778	371.5344699778	371.5344699778	398.0726464047	398.0726464047	398.0726464047	398.0726464047	398.0726464047
20								22.2386953299	22.2386953299	22.2386953299	16.0637509266	16.0637509266	16.0563380282	20.3854707191	20.3854707191	20.3854707191	20.3854707191	20.7561156412	20.7561156412	20.7561156412	20.7561156412	20.7561156412	22.2386953299	22.2386953299	22.2386953299	22.2386953299	22.2386953299
20								22.2386953299	22.2386953299	22.2386953299	16.0637509266	16.0637509266	16.0563380282	20.3854707191	20.3854707191	20.3854707191	20.3854707191	20.7561156412	20.7561156412	20.7561156412	20.7561156412	20.7561156412	22.2386953299	22.2386953299	22.2386953299	22.2386953299	22.2386953299
443								492.5871015567	492.5871015567	492.5871015567	355.8120830245	355.8120830245	355.6478873239	451.538176427	451.538176427	451.538176427	451.538176427	459.7479614529	459.7479614529	459.7479614529	459.7479614529	459.7479614529	492.5871015567	492.5871015567	492.5871015567	492.5871015567	492.5871015567
20								33.6134453782	33.6134453782	33.6134453782	24.6521008403	24.6521008403	24.6453781513	31.9327731092	31.9327731092	31.9327731092	31.9327731092	21.512605042	21.512605042	21.512605042	21.512605042	21.512605042	33.6134453782	33.6134453782	33.6134453782	33.6134453782	33.6134453782
85								142.8571428571	142.8571428571	142.8571428571	104.7714285714	104.7714285714	104.7428571429	135.7142857143	135.7142857143	135.7142857143	135.7142857143	91.4285714286	91.4285714286	91.4285714286	91.4285714286	91.4285714286	142.8571428571	142.8571428571	142.8571428571	142.8571428571	142.8571428571
17								28.5714285714	28.5714285714	28.5714285714	20.9542857143	20.9542857143	20.9485714286	27.1428571429	27.1428571429	27.1428571429	27.1428571429	18.2857142857	18.2857142857	18.2857142857	18.2857142857	18.2857142857	28.5714285714	28.5714285714	28.5714285714	28.5714285714	28.5714285714
23								38.6554621849	38.6554621849	38.6554621849	28.3499159664	28.3499159664	28.3421848739	36.7226890756	36.7226890756	36.7226890756	36.7226890756	24.7394957983	24.7394957983	24.7394957983	24.7394957983	24.7394957983	38.6554621849	38.6554621849	38.6554621849	38.6554621849	38.6554621849
59								99.1596638655	99.1596638655	99.1596638655	72.723697479	72.723697479	72.7038655462	94.2016806723	94.2016806723	94.2016806723	94.2016806723	63.4621848739	63.4621848739	63.4621848739	63.4621848739	63.4621848739	99.1596638655	99.1596638655	99.1596638655	99.1596638655	99.1596638655
20								33.6134453782	33.6134453782	33.6134453782	24.6521008403	24.6521008403	24.6453781513	31.9327731092	31.9327731092	31.9327731092	31.9327731092	21.512605042	21.512605042	21.512605042	21.512605042	21.512605042	33.6134453782	33.6134453782	33.6134453782	33.6134453782	33.6134453782
50								84.0336134454	84.0336134454	84.0336134454	61.6302521008	61.6302521008	61.6134453782	79.8319327731	79.8319327731	79.8319327731	79.8319327731	53.781512605	53.781512605	53.781512605	53.781512605	53.781512605	84.0336134454	84.0336134454	84.0336134454	84.0336134454	84.0336134454
24								40.3361344538	40.3361344538	40.3361344538	29.5825210084	29.5825210084	29.5744537815	38.3193277311	38.3193277311	38.3193277311	38.3193277311	25.8151260504	25.8151260504	25.8151260504	25.8151260504	25.8151260504	40.3361344538	40.3361344538	40.3361344538	40.3361344538	40.3361344538
20								33.6134453782	33.6134453782	33.6134453782	24.6521008403	24.6521008403	24.6453781513	31.9327731092	31.9327731092	31.9327731092	31.9327731092	21.512605042	21.512605042	21.512605042	21.512605042	21.512605042	33.6134453782	33.6134453782	33.6134453782	33.6134453782	33.6134453782
30								50.4201680672	50.4201680672	50.4201680672	36.9781512605	36.9781512605	36.9680672269	47.8991596639	47.8991596639	47.8991596639	47.8991596639	32.268907563	32.268907563	32.268907563	32.268907563	32.268907563	50.4201680672	50.4201680672	50.4201680672	50.4201680672	50.4201680672
22								36.974789916	36.974789916	36.974789916	27.1173109244	27.1173109244	27.1099159664	35.1260504202	35.1260504202	35.1260504202	35.1260504202	23.6638655462	23.6638655462	23.6638655462	23.6638655462	23.6638655462	36.974789916	36.974789916	36.974789916	36.974789916	36.974789916
19								31.9327731092	31.9327731092	31.9327731092	23.4194957983	23.4194957983	23.4131092437	30.3361344538	30.3361344538	30.3361344538	30.3361344538	20.4369747899	20.4369747899	20.4369747899	20.4369747899	20.4369747899	31.9327731092	31.9327731092	31.9327731092	31.9327731092	31.9327731092
34								57.1428571429	57.1428571429	57.1428571429	41.9085714286	41.9085714286	41.8971428571	54.2857142857	54.2857142857	54.2857142857	54.2857142857	36.5714285714	36.5714285714	36.5714285714	36.5714285714	36.5714285714	57.1428571429	57.1428571429	57.1428571429	57.1428571429	57.1428571429
255								428.5714285714	428.5714285714	428.5714285714	314.3142857143	314.3142857143	314.2285714286	407.1428571429	407.1428571429	407.1428571429	407.1428571429	274.2857142857	274.2857142857	274.2857142857	274.2857142857	274.2857142857	428.5714285714	428.5714285714	428.5714285714	428.5714285714	428.5714285714
18								30.2521008403	30.2521008403	30.2521008403	22.1868907563	22.1868907563	22.1808403361	28.7394957983	28.7394957983	28.7394957983	28.7394957983	19.3613445378	19.3613445378	19.3613445378	19.3613445378	19.3613445378	30.2521008403	30.2521008403	30.2521008403	30.2521008403	30.2521008403
69								115.9663865546	115.9663865546	115.9663865546	85.0497478992	85.0497478992	85.0265546218	110.1680672269	110.1680672269	110.1680672269	110.1680672269	74.218487395	74.218487395	74.218487395	74.218487395	74.218487395	115.9663865546	115.9663865546	115.9663865546	115.9663865546	115.9663865546
77								129.4117647059	129.4117647059	129.4117647059	94.9105882353	94.9105882353	94.8847058824	122.9411764706	122.9411764706	122.9411764706	122.9411764706	82.8235294118	82.8235294118	82.8235294118	82.8235294118	82.8235294118	129.4117647059	129.4117647059	129.4117647059	129.4117647059	129.4117647059
132								221.8487394958	221.8487394958	221.8487394958	162.7038655462	162.7038655462	162.6594957983	210.756302521	210.756302521	210.756302521	210.756302521	141.9831932773	141.9831932773	141.9831932773	141.9831932773	141.9831932773	221.8487394958	221.8487394958	221.8487394958	221.8487394958	221.8487394958
25								42.0168067227	42.0168067227	42.0168067227	30.8151260504	30.8151260504	30.8067226891	39.9159663866	39.9159663866	39.9159663866	39.9159663866	26.8907563025	26.8907563025	26.8907563025	26.8907563025	26.8907563025	42.0168067227	42.0168067227	42.0168067227	42.0168067227	42.0168067227
20								33.6134453782	33.6134453782	33.6134453782	24.6521008403	24.6521008403	24.6453781513	31.9327731092	31.9327731092	31.9327731092	31.9327731092	21.512605042	21.512605042	21.512605042	21.512605042	21.512605042	33.6134453782	33.6134453782	33.6134453782	33.6134453782	33.6134453782
20								33.6134453782	33.6134453782	33.6134453782	24.6521008403	24.6521008403	24.6453781513	31.9327731092	31.9327731092	31.9327731092	31.9327731092	21.512605042	21.512605042	21.512605042	21.512605042	21.512605042	33.6134453782	33.6134453782	33.6134453782	33.6134453782	33.6134453782
20								33.6134453782	33.6134453782	33.6134453782	24.6521008403	24.6521008403	24.6453781513	31.9327731092	31.9327731092	31.9327731092	31.9327731092	21.512605042	21.512605042	21.512605042	21.512605042	21.512605042	33.6134453782	33.6134453782	33.6134453782	33.6134453782	33.6134453782
22								36.974789916	36.974789916	36.974789916	27.1173109244	27.1173109244	27.1099159664	35.1260504202	35.1260504202	35.1260504202	35.1260504202	23.6638655462	23.6638655462	23.6638655462	23.6638655462	23.6638655462	36.974789916	36.974789916	36.974789916	36.974789916	36.974789916
19								31.9327731092	31.9327731092	31.9327731092	23.4194957983	23.4194957983	23.4131092437	30.3361344538	30.3361344538	30.3361344538	30.3361344538	20.4369747899	20.4369747899	20.4369747899	20.4369747899	20.4369747899	31.9327731092	31.9327731092	31.9327731092	31.9327731092	31.9327731092
10								16.8067226891	16.8067226891	16.8067226891	12.3260504202	12.3260504202	12.3226890756	15.9663865546	15.9663865546	15.9663865546	15.9663865546	10.756302521	10.756302521	10.756302521	10.756302521	10.756302521	16.8067226891	16.8067226891	16.8067226891	16.8067226891	16.8067226891
22								36.974789916	36.974789916	36.974789916	27.1173109244	27.1173109244	27.1099159664	35.1260504202	35.1260504202	35.1260504202	35.1260504202	23.6638655462	23.6638655462	23.6638655462	23.6638655462	23.6638655462	36.974789916	36.974789916	36.974789916	36.974789916	36.974789916
501								842.0168067227	842.0168067227	842.0168067227	617.5351260504	617.5351260504	617.3667226891	799.9159663866	799.9159663866	799.9159663866	799.9159663866	538.8907563025	538.8907563025	538.8907563025	538.8907563025	538.8907563025	842.0168067227	842.0168067227	842.0168067227	842.0168067227	842.0168067227
197								331.0924369748	331.0924369748	331.0924369748	242.8231932773	242.8231932773	242.7569747899	314.5378151261	314.5378151261	314.5378151261	314.5378151261	211.8991596639	211.8991596639	211.8991596639	211.8991596639	211.8991596639	331.0924369748	331.0924369748	331.0924369748	331.0924369748	331.0924369748
61								102.5210084034	102.5210084034	102.5210084034	75.188907563	75.188907563	75.1684033613	97.3949579832	97.3949579832	97.3949579832	97.3949579832	65.6134453782	65.6134453782	65.6134453782	65.6134453782	65.6134453782	102.5210084034	102.5210084034	102.5210084034	102.5210084034	102.5210084034
35								58.8235294118	58.8235294118	58.8235294118	43.1411764706	43.1411764706	43.1294117647	55.8823529412	55.8823529412	55.8823529412	55.8823529412	37.6470588235	37.6470588235	37.6470588235	37.6470588235	37.6470588235	58.8235294118	58.8235294118	58.8235294118	58.8235294118	58.8235294118
25								42.0168067227	42.0168067227	42.0168067227	30.8151260504	30.8151260504	30.8067226891	39.9159663866	39.9159663866	39.9159663866	39.9159663866	26.8907563025	26.8907563025	26.8907563025	26.8907563025	26.8907563025	42.0168067227	42.0168067227	42.0168067227	42.0168067227	42.0168067227
20								33.6134453782	33.6134453782	33.6134453782	24.6521008403	24.6521008403	24.6453781513	31.9327731092	31.9327731092	31.9327731092	31.9327731092	21.512605042	21.512605042	21.512605042	21.512605042	21.512605042	33.6134453782	33.6134453782	33.6134453782	33.6134453782	33.6134453782
397								667.2268907563	667.2268907563	667.2268907563	489.3442016807	489.3442016807	489.2107563025	633.8655462185	633.8655462185	633.8655462185	633.8655462185	427.025210084	427.025210084	427.025210084	427.025210084	427.025210084	667.2268907563	667.2268907563	667.2268907563	667.2268907563	667.2268907563
20								33.6134453782	33.6134453782	33.6134453782	24.6521008403	24.6521008403	24.6453781513	31.9327731092	31.9327731092	31.9327731092	31.9327731092	21.512605042	21.512605042	21.512605042	21.512605042	21.512605042	33.6134453782	33.6134453782	33.6134453782	33.6134453782	33.6134453782
27								45.3781512605	45.3781512605	45.3781512605	33.2803361345	33.2803361345	33.2712605042	43.1092436975	43.1092436975	43.1092436975	43.1092436975	29.0420168067	29.0420168067	29.0420168067	29.0420168067	29.0420168067	45.3781512605	45.3781512605	45.3781512605	45.3781512605	45.3781512605
20								33.6134453782	33.6134453782	33.6134453782	24.6521008403	24.6521008403	24.6453781513	31.9327731092	31.9327731092	31.9327731092	31.9327731092	21.512605042	21.512605042	21.512605042	21.512605042	21.512605042	33.6134453782	33.6134453782	33.6134453782	33.6134453782	33.6134453782
27								45.3781512605	45.3781512605	45.3781512605	33.2803361345	33.2803361345	33.2712605042	43.1092436975	43.1092436975	43.1092436975	43.1092436975	29.0420168067	29.0420168067	29.0420168067	29.0420168067	29.0420168067	45.3781512605	45.3781512605	45.3781512605	45.3781512605	45.3781512605
88								147.8991596639	147.8991596639	147.8991596639	108.4692436975	108.4692436975	108.4396638655	140.5042016807	140.5042016807	140.5042016807	140.5042016807	94.6554621849	94.6554621849	94.6554621849	94.6554621849	94.6554621849	147.8991596639	147.8991596639	147.8991596639	147.8991596639	147.8991596639
34								57.1428571429	57.1428571429	57.1428571429	41.9085714286	41.9085714286	41.8971428571	54.2857142857	54.2857142857	54.2857142857	54.2857142857	36.5714285714	36.5714285714	36.5714285714	36.5714285714	36.5714285714	57.1428571429	57.1428571429	57.1428571429	57.1428571429	57.1428571429
70								117.6470588235	117.6470588235	117.6470588235	86.2823529412	86.2823529412	86.2588235294	111.7647058824	111.7647058824	111.7647058824	111.7647058824	75.2941176471	75.2941176471	75.2941176471	75.2941176471	75.2941176471	117.6470588235	117.6470588235	117.6470588235	117.6470588235	117.6470588235
38								63.8655462185	63.8655462185	63.8655462185	46.8389915966	46.8389915966	46.8262184874	60.6722689076	60.6722689076	60.6722689076	60.6722689076	40.8739495798	40.8739495798	40.8739495798	40.8739495798	40.8739495798	63.8655462185	63.8655462185	63.8655462185	63.8655462185	63.8655462185
18								30.2521008403	30.2521008403	30.2521008403	22.1868907563	22.1868907563	22.1808403361	28.7394957983	28.7394957983	28.7394957983	28.7394957983	19.3613445378	19.3613445378	19.3613445378	19.3613445378	19.3613445378	30.2521008403	30.2521008403	30.2521008403	30.2521008403	30.2521008403
40								67.2268907563	67.2268907563	67.2268907563	49.3042016807	49.3042016807	49.2907563025	63.8655462185	63.8655462185	63.8655462185	63.8655462185	43.025210084	43.025210084	43.025210084	43.025210084	43.025210084	67.2268907563	67.2268907563	67.2268907563	67.2268907563	67.2268907563
53								89.0756302521	89.0756302521	89.0756302521	65.3280672269	65.3280672269	65.3102521008	84.6218487395	84.6218487395	84.6218487395	84.6218487395	57.0084033613	57.0084033613	57.0084033613	57.0084033613	57.0084033613	89.0756302521	89.0756302521	89.0756302521	89.0756302521	89.0756302521
57								95.7983193277	95.7983193277	95.7983193277	70.258487395	70.258487395	70.2393277311	91.0084033613	91.0084033613	91.0084033613	91.0084033613	61.3109243697	61.3109243697	61.3109243697	61.3109243697	61.3109243697	95.7983193277	95.7983193277	95.7983193277	95.7983193277	95.7983193277
48								80.6722689076	80.6722689076	80.6722689076	59.1650420168	59.1650420168	59.148907563	76.6386554622	76.6386554622	76.6386554622	76.6386554622	51.6302521008	51.6302521008	51.6302521008	51.6302521008	51.6302521008	80.6722689076	80.6722689076	80.6722689076	80.6722689076	80.6722689076
41								68.9075630252	68.9075630252	68.9075630252	50.5368067227	50.5368067227	50.5230252101	65.4621848739	65.4621848739	65.4621848739	65.4621848739	44.1008403361	44.1008403361	44.1008403361	44.1008403361	44.1008403361	68.9075630252	68.9075630252	68.9075630252	68.9075630252	68.9075630252
20								33.6134453782	33.6134453782	33.6134453782	24.6521008403	24.6521008403	24.6453781513	31.9327731092	31.9327731092	31.9327731092	31.9327731092	21.512605042	21.512605042	21.512605042	21.512605042	21.512605042	33.6134453782	33.6134453782	33.6134453782	33.6134453782	33.6134453782
3								5.0420168067	5.0420168067	5.0420168067	3.6978151261	3.6978151261	3.6968067227	4.7899159664	4.7899159664	4.7899159664	4.7899159664	3.2268907563	3.2268907563	3.2268907563	3.2268907563	3.2268907563	5.0420168067	5.0420168067	5.0420168067	5.0420168067	5.0420168067
3								5.0420168067	5.0420168067	5.0420168067	3.6978151261	3.6978151261	3.6968067227	4.7899159664	4.7899159664	4.7899159664	4.7899159664	3.2268907563	3.2268907563	3.2268907563	3.2268907563	3.2268907563	5.0420168067	5.0420168067	5.0420168067	5.0420168067	5.0420168067
27								178.2255703831	178.2139474817	178.2139474817	193.7188979768	193.7188979768	193.7072750753	188.8721480844	188.8721480844	188.8721480844	188.8721480844	174.3435213087	174.3435213087	174.3435213087	174.3435213087	174.3435213087	151.0977184675	151.0977184675	151.0977184675	151.0977184675	151.0977184675
74								488.4700817908	488.4382264313	488.4382264313	530.9332759363	530.9332759363	530.9014205768	517.6495910461	517.6495910461	517.6495910461	517.6495910461	477.8303917348	477.8303917348	477.8303917348	477.8303917348	477.8303917348	414.1196728368	414.1196728368	414.1196728368	414.1196728368	414.1196728368
55								363.0520878175	363.0284115368	363.0284115368	394.6125699526	394.6125699526	394.588893672	384.7395609126	384.7395609126	384.7395609126	384.7395609126	355.1442100732	355.1442100732	355.1442100732	355.1442100732	355.1442100732	307.7916487301	307.7916487301	307.7916487301	307.7916487301	307.7916487301
82								541.2776582006	541.2423590185	541.2423590185	588.3314679294	588.3314679294	588.2961687473	573.611708997	573.611708997	573.611708997	573.611708997	529.4877313818	529.4877313818	529.4877313818	529.4877313818	529.4877313818	458.8893671976	458.8893671976	458.8893671976	458.8893671976	458.8893671976
11								72.6104175635	72.6056823074	72.6056823074	78.9225139905	78.9225139905	78.9177787344	76.9479121825	76.9479121825	76.9479121825	76.9479121825	71.0288420146	71.0288420146	71.0288420146	71.0288420146	71.0288420146	61.558329746	61.558329746	61.558329746	61.558329746	61.558329746
69								455.4653465347	455.4356435644	455.4356435644	495.0594059406	495.0594059406	495.0297029703	482.6732673267	482.6732673267	482.6732673267	482.6732673267	445.5445544554	445.5445544554	445.5445544554	445.5445544554	445.5445544554	386.1386138614	386.1386138614	386.1386138614	386.1386138614	386.1386138614
70								462.0662935859	462.0361601378	462.0361601378	502.2341799397	502.2341799397	502.2040464916	489.6685320706	489.6685320706	489.6685320706	489.6685320706	452.0017219113	452.0017219113	452.0017219113	452.0017219113	452.0017219113	391.7348256565	391.7348256565	391.7348256565	391.7348256565	391.7348256565
22								145.220835127	145.2113646147	145.2113646147	157.8450279811	157.8450279811	157.8355574688	153.895824365	153.895824365	153.895824365	153.895824365	142.0576840293	142.0576840293	142.0576840293	142.0576840293	142.0576840293	123.116659492	123.116659492	123.116659492	123.116659492	123.116659492
25								165.0236762807	165.0129143349	165.0129143349	179.3693499785	179.3693499785	179.3585880327	174.8816185966	174.8816185966	174.8816185966	174.8816185966	161.4291863969	161.4291863969	161.4291863969	161.4291863969	161.4291863969	139.9052948773	139.9052948773	139.9052948773	139.9052948773	139.9052948773
17								112.2160998709	112.2087817477	112.2087817477	121.9711579854	121.9711579854	121.9638398622	118.9195006457	118.9195006457	118.9195006457	118.9195006457	109.7718467499	109.7718467499	109.7718467499	109.7718467499	109.7718467499	95.1356005166	95.1356005166	95.1356005166	95.1356005166	95.1356005166
22								145.220835127	145.2113646147	145.2113646147	157.8450279811	157.8450279811	157.8355574688	153.895824365	153.895824365	153.895824365	153.895824365	142.0576840293	142.0576840293	142.0576840293	142.0576840293	142.0576840293	123.116659492	123.116659492	123.116659492	123.116659492	123.116659492
22								145.220835127	145.2113646147	145.2113646147	157.8450279811	157.8450279811	157.8355574688	153.895824365	153.895824365	153.895824365	153.895824365	142.0576840293	142.0576840293	142.0576840293	142.0576840293	142.0576840293	123.116659492	123.116659492	123.116659492	123.116659492	123.116659492
22								145.220835127	145.2113646147	145.2113646147	157.8450279811	157.8450279811	157.8355574688	153.895824365	153.895824365	153.895824365	153.895824365	142.0576840293	142.0576840293	142.0576840293	142.0576840293	142.0576840293	123.116659492	123.116659492	123.116659492	123.116659492	123.116659492
19								125.4179939733	125.4098148945	125.4098148945	136.3207059836	136.3207059836	136.3125269049	132.9100301334	132.9100301334	132.9100301334	132.9100301334	122.6861816616	122.6861816616	122.6861816616	122.6861816616	122.6861816616	106.3280241068	106.3280241068	106.3280241068	106.3280241068	106.3280241068
22								145.220835127	145.2113646147	145.2113646147	157.8450279811	157.8450279811	157.8355574688	153.895824365	153.895824365	153.895824365	153.895824365	142.0576840293	142.0576840293	142.0576840293	142.0576840293	142.0576840293	123.116659492	123.116659492	123.116659492	123.116659492	123.116659492
34								224.4321997417	224.4175634955	224.4175634955	243.9423159707	243.9423159707	243.9276797245	237.8390012914	237.8390012914	237.8390012914	237.8390012914	219.5436934998	219.5436934998	219.5436934998	219.5436934998	219.5436934998	190.2712010331	190.2712010331	190.2712010331	190.2712010331	190.2712010331
45								297.0426173052	297.0232458028	297.0232458028	322.8648299613	322.8648299613	322.8454584589	314.786913474	314.786913474	314.786913474	314.786913474	290.5725355144	290.5725355144	290.5725355144	290.5725355144	290.5725355144	251.8295307792	251.8295307792	251.8295307792	251.8295307792	251.8295307792
85								561.0804993543	561.0439087387	561.0439087387	609.8557899268	609.8557899268	609.8191993112	594.5975032286	594.5975032286	594.5975032286	594.5975032286	548.8592337495	548.8592337495	548.8592337495	548.8592337495	548.8592337495	475.6780025829	475.6780025829	475.6780025829	475.6780025829	475.6780025829
97								640.291863969	640.2501076195	640.2501076195	695.9530779165	695.9530779165	695.9113215669	678.540680155	678.540680155	678.540680155	678.540680155	626.34524322	626.34524322	626.34524322	626.34524322	626.34524322	542.832544124	542.832544124	542.832544124	542.832544124	542.832544124
45								297.0426173052	297.0232458028	297.0232458028	322.8648299613	322.8648299613	322.8454584589	314.786913474	314.786913474	314.786913474	314.786913474	290.5725355144	290.5725355144	290.5725355144	290.5725355144	290.5725355144	251.8295307792	251.8295307792	251.8295307792	251.8295307792	251.8295307792
22								145.220835127	145.2113646147	145.2113646147	157.8450279811	157.8450279811	157.8355574688	153.895824365	153.895824365	153.895824365	153.895824365	142.0576840293	142.0576840293	142.0576840293	142.0576840293	142.0576840293	123.116659492	123.116659492	123.116659492	123.116659492	123.116659492
22								145.220835127	145.2113646147	145.2113646147	157.8450279811	157.8450279811	157.8355574688	153.895824365	153.895824365	153.895824365	153.895824365	142.0576840293	142.0576840293	142.0576840293	142.0576840293	142.0576840293	123.116659492	123.116659492	123.116659492	123.116659492	123.116659492
15								99.0142057684	99.0077486009	99.0077486009	107.6216099871	107.6216099871	107.6151528196	104.928971158	104.928971158	104.928971158	104.928971158	96.8575118381	96.8575118381	96.8575118381	96.8575118381	96.8575118381	83.9431769264	83.9431769264	83.9431769264	83.9431769264	83.9431769264
16								105.6151528196	105.6082651743	105.6082651743	114.7963839862	114.7963839862	114.7894963409	111.9242359019	111.9242359019	111.9242359019	111.9242359019	103.314679294	103.314679294	103.314679294	103.314679294	103.314679294	89.5393887215	89.5393887215	89.5393887215	89.5393887215	89.5393887215
90								594.0852346104	594.0464916057	594.0464916057	645.7296599225	645.7296599225	645.6909169178	629.5738269479	629.5738269479	629.5738269479	629.5738269479	581.1450710288	581.1450710288	581.1450710288	581.1450710288	581.1450710288	503.6590615583	503.6590615583	503.6590615583	503.6590615583	503.6590615583
42								277.2397761515	277.2216960827	277.2216960827	301.3405079638	301.3405079638	301.322427895	293.8011192424	293.8011192424	293.8011192424	293.8011192424	271.2010331468	271.2010331468	271.2010331468	271.2010331468	271.2010331468	235.0408953939	235.0408953939	235.0408953939	235.0408953939	235.0408953939
26								171.6246233319	171.6134309083	171.6134309083	186.5441239776	186.5441239776	186.532931554	181.8768833405	181.8768833405	181.8768833405	181.8768833405	167.8863538528	167.8863538528	167.8863538528	167.8863538528	167.8863538528	145.5015066724	145.5015066724	145.5015066724	145.5015066724	145.5015066724
21								138.6198880758	138.6108480413	138.6108480413	150.6702539819	150.6702539819	150.6612139475	146.9005596212	146.9005596212	146.9005596212	146.9005596212	135.6005165734	135.6005165734	135.6005165734	135.6005165734	135.6005165734	117.5204476969	117.5204476969	117.5204476969	117.5204476969	117.5204476969
110								726.104175635	726.0568230736	726.0568230736	789.2251399053	789.2251399053	789.177787344	769.4791218252	769.4791218252	769.4791218252	769.4791218252	710.2884201464	710.2884201464	710.2884201464	710.2884201464	710.2884201464	615.5832974602	615.5832974602	615.5832974602	615.5832974602	615.5832974602
100								660.0947051227	660.0516573396	660.0516573396	717.4773999139	717.4773999139	717.4343521309	699.5264743866	699.5264743866	699.5264743866	699.5264743866	645.7167455876	645.7167455876	645.7167455876	645.7167455876	645.7167455876	559.6211795093	559.6211795093	559.6211795093	559.6211795093	559.6211795093
130								858.1231166595	858.0671545415	858.0671545415	932.7206198881	932.7206198881	932.6646577701	909.3844167025	909.3844167025	909.3844167025	909.3844167025	839.4317692639	839.4317692639	839.4317692639	839.4317692639	839.4317692639	727.507533362	727.507533362	727.507533362	727.507533362	727.507533362
173								1141.9638398623	1141.8893671976	1141.8893671976	1241.2359018511	1241.2359018511	1241.1614291864	1210.1808006888	1210.1808006888	1210.1808006888	1210.1808006888	1117.0899698666	1117.0899698666	1117.0899698666	1117.0899698666	1117.0899698666	968.144640551	968.144640551	968.144640551	968.144640551	968.144640551
40								264.0378820491	264.0206629359	264.0206629359	286.9909599656	286.9909599656	286.9737408523	279.8105897546	279.8105897546	279.8105897546	279.8105897546	258.286698235	258.286698235	258.286698235	258.286698235	258.286698235	223.8484718037	223.8484718037	223.8484718037	223.8484718037	223.8484718037
29								191.4274644856	191.4149806285	191.4149806285	208.068445975	208.068445975	208.055962118	202.8626775721	202.8626775721	202.8626775721	202.8626775721	187.2578562204	187.2578562204	187.2578562204	187.2578562204	187.2578562204	162.2901420577	162.2901420577	162.2901420577	162.2901420577	162.2901420577
26								171.6246233319	171.6134309083	171.6134309083	186.5441239776	186.5441239776	186.532931554	181.8768833405	181.8768833405	181.8768833405	181.8768833405	167.8863538528	167.8863538528	167.8863538528	167.8863538528	167.8863538528	145.5015066724	145.5015066724	145.5015066724	145.5015066724	145.5015066724
30								198.0284115368	198.0154972019	198.0154972019	215.2432199742	215.2432199742	215.2303056393	209.857942316	209.857942316	209.857942316	209.857942316	193.7150236763	193.7150236763	193.7150236763	193.7150236763	193.7150236763	167.8863538528	167.8863538528	167.8863538528	167.8863538528	167.8863538528
26								171.6246233319	171.6134309083	171.6134309083	186.5441239776	186.5441239776	186.532931554	181.8768833405	181.8768833405	181.8768833405	181.8768833405	167.8863538528	167.8863538528	167.8863538528	167.8863538528	167.8863538528	145.5015066724	145.5015066724	145.5015066724	145.5015066724	145.5015066724
31								204.629358588	204.6160137753	204.6160137753	222.4179939733	222.4179939733	222.4046491606	216.8532070598	216.8532070598	216.8532070598	216.8532070598	200.1721911322	200.1721911322	200.1721911322	200.1721911322	200.1721911322	173.4825656479	173.4825656479	173.4825656479	173.4825656479	173.4825656479
34								224.4321997417	224.4175634955	224.4175634955	243.9423159707	243.9423159707	243.9276797245	237.8390012914	237.8390012914	237.8390012914	237.8390012914	219.5436934998	219.5436934998	219.5436934998	219.5436934998	219.5436934998	190.2712010331	190.2712010331	190.2712010331	190.2712010331	190.2712010331
31								204.629358588	204.6160137753	204.6160137753	222.4179939733	222.4179939733	222.4046491606	216.8532070598	216.8532070598	216.8532070598	216.8532070598	200.1721911322	200.1721911322	200.1721911322	200.1721911322	200.1721911322	173.4825656479	173.4825656479	173.4825656479	173.4825656479	173.4825656479
56								369.6530348687	369.6289281102	369.6289281102	401.7873439518	401.7873439518	401.7632371933	391.7348256565	391.7348256565	391.7348256565	391.7348256565	361.6013775291	361.6013775291	361.6013775291	361.6013775291	361.6013775291	313.3878605252	313.3878605252	313.3878605252	313.3878605252	313.3878605252
28								184.8265174344	184.8144640551	184.8144640551	200.8936719759	200.8936719759	200.8816185966	195.8674128282	195.8674128282	195.8674128282	195.8674128282	180.8006887645	180.8006887645	180.8006887645	180.8006887645	180.8006887645	156.6939302626	156.6939302626	156.6939302626	156.6939302626	156.6939302626
40								264.0378820491	264.0206629359	264.0206629359	286.9909599656	286.9909599656	286.9737408523	279.8105897546	279.8105897546	279.8105897546	279.8105897546	258.286698235	258.286698235	258.286698235	258.286698235	258.286698235	223.8484718037	223.8484718037	223.8484718037	223.8484718037	223.8484718037
19								125.4179939733	125.4098148945	125.4098148945	136.3207059836	136.3207059836	136.3125269049	132.9100301334	132.9100301334	132.9100301334	132.9100301334	122.6861816616	122.6861816616	122.6861816616	122.6861816616	122.6861816616	106.3280241068	106.3280241068	106.3280241068	106.3280241068	106.3280241068
92								607.2871287129	607.2475247525	607.2475247525	660.0792079208	660.0792079208	660.0396039604	643.5643564356	643.5643564356	643.5643564356	643.5643564356	594.0594059406	594.0594059406	594.0594059406	594.0594059406	594.0594059406	514.8514851485	514.8514851485	514.8514851485	514.8514851485	514.8514851485
48								316.8454584589	316.824795523	316.824795523	344.3891519587	344.3891519587	344.3684890228	335.7727077056	335.7727077056	335.7727077056	335.7727077056	309.944037882	309.944037882	309.944037882	309.944037882	309.944037882	268.6181661644	268.6181661644	268.6181661644	268.6181661644	268.6181661644
95								627.0899698666	627.0490744727	627.0490744727	681.6035299182	681.6035299182	681.5626345243	664.5501506672	664.5501506672	664.5501506672	664.5501506672	613.4309083082	613.4309083082	613.4309083082	613.4309083082	613.4309083082	531.6401205338	531.6401205338	531.6401205338	531.6401205338	531.6401205338
22								145.220835127	145.2113646147	145.2113646147	157.8450279811	157.8450279811	157.8355574688	153.895824365	153.895824365	153.895824365	153.895824365	142.0576840293	142.0576840293	142.0576840293	142.0576840293	142.0576840293	123.116659492	123.116659492	123.116659492	123.116659492	123.116659492
22								145.220835127	145.2113646147	145.2113646147	157.8450279811	157.8450279811	157.8355574688	153.895824365	153.895824365	153.895824365	153.895824365	142.0576840293	142.0576840293	142.0576840293	142.0576840293	142.0576840293	123.116659492	123.116659492	123.116659492	123.116659492	123.116659492
22								145.220835127	145.2113646147	145.2113646147	157.8450279811	157.8450279811	157.8355574688	153.895824365	153.895824365	153.895824365	153.895824365	142.0576840293	142.0576840293	142.0576840293	142.0576840293	142.0576840293	123.116659492	123.116659492	123.116659492	123.116659492	123.116659492
20								67.8132678133	67.8132678133	67.8132678133	67.4889434889	67.4889434889	67.4791154791	66.3390663391	66.3390663391	66.3390663391	66.3390663391	66.8304668305	66.8304668305	66.8304668305	66.8304668305	66.8304668305	51.1056511057	51.1056511057	51.1056511057	51.1056511057	51.1056511057
20								67.8132678133	67.8132678133	67.8132678133	67.4889434889	67.4889434889	67.4791154791	66.3390663391	66.3390663391	66.3390663391	66.3390663391	66.8304668305	66.8304668305	66.8304668305	66.8304668305	66.8304668305	51.1056511057	51.1056511057	51.1056511057	51.1056511057	51.1056511057
141								478.0835380835	478.0835380835	478.0835380835	475.7970515971	475.7970515971	475.7277641278	467.6904176904	467.6904176904	467.6904176904	467.6904176904	471.1547911548	471.1547911548	471.1547911548	471.1547911548	471.1547911548	360.2948402948	360.2948402948	360.2948402948	360.2948402948	360.2948402948
159								539.1154791155	539.1154791155	539.1154791155	536.5371007371	536.5371007371	536.458968059	527.3955773956	527.3955773956	527.3955773956	527.3955773956	531.3022113022	531.3022113022	531.3022113022	531.3022113022	531.3022113022	406.2899262899	406.2899262899	406.2899262899	406.2899262899	406.2899262899
97								328.8943488943	328.8943488943	328.8943488943	327.3213759214	327.3213759214	327.2737100737	321.7444717445	321.7444717445	321.7444717445	321.7444717445	324.1277641278	324.1277641278	324.1277641278	324.1277641278	324.1277641278	247.8624078624	247.8624078624	247.8624078624	247.8624078624	247.8624078624
68								230.5651105651	230.5651105651	230.5651105651	229.4624078624	229.4624078624	229.428992629	225.5528255528	225.5528255528	225.5528255528	225.5528255528	227.2235872236	227.2235872236	227.2235872236	227.2235872236	227.2235872236	173.7592137592	173.7592137592	173.7592137592	173.7592137592	173.7592137592
80								271.2530712531	271.2530712531	271.2530712531	269.9557739558	269.9557739558	269.9164619165	265.3562653563	265.3562653563	265.3562653563	265.3562653563	267.3218673219	267.3218673219	267.3218673219	267.3218673219	267.3218673219	204.4226044226	204.4226044226	204.4226044226	204.4226044226	204.4226044226
78								264.4717444717	264.4717444717	264.4717444717	263.2068796069	263.2068796069	263.1685503686	258.7223587224	258.7223587224	258.7223587224	258.7223587224	260.6388206388	260.6388206388	260.6388206388	260.6388206388	260.6388206388	199.312039312	199.312039312	199.312039312	199.312039312	199.312039312
109								369.5823095823	369.5823095823	369.5823095823	367.8147420147	367.8147420147	367.7611793612	361.5479115479	361.5479115479	361.5479115479	361.5479115479	364.226044226	364.226044226	364.226044226	364.226044226	364.226044226	278.5257985258	278.5257985258	278.5257985258	278.5257985258	278.5257985258
42								142.4078624079	142.4078624079	142.4078624079	141.7267813268	141.7267813268	141.7061425061	139.312039312	139.312039312	139.312039312	139.312039312	140.343980344	140.343980344	140.343980344	140.343980344	140.343980344	107.3218673219	107.3218673219	107.3218673219	107.3218673219	107.3218673219
113								383.144963145	383.144963145	383.144963145	381.3125307125	381.3125307125	381.257002457	374.8157248157	374.8157248157	374.8157248157	374.8157248157	377.5921375921	377.5921375921	377.5921375921	377.5921375921	377.5921375921	288.7469287469	288.7469287469	288.7469287469	288.7469287469	288.7469287469
17								57.6412776413	57.6412776413	57.6412776413	57.3656019656	57.3656019656	57.3572481572	56.3882063882	56.3882063882	56.3882063882	56.3882063882	56.8058968059	56.8058968059	56.8058968059	56.8058968059	56.8058968059	43.4398034398	43.4398034398	43.4398034398	43.4398034398	43.4398034398
46								155.9705159705	155.9705159705	155.9705159705	155.2245700246	155.2245700246	155.201965602	152.5798525799	152.5798525799	152.5798525799	152.5798525799	153.7100737101	153.7100737101	153.7100737101	153.7100737101	153.7100737101	117.542997543	117.542997543	117.542997543	117.542997543	117.542997543
26								88.1572481572	88.1572481572	88.1572481572	87.7356265356	87.7356265356	87.7228501229	86.2407862408	86.2407862408	86.2407862408	86.2407862408	86.8796068796	86.8796068796	86.8796068796	86.8796068796	86.8796068796	66.4373464373	66.4373464373	66.4373464373	66.4373464373	66.4373464373
39								132.2358722359	132.2358722359	132.2358722359	131.6034398034	131.6034398034	131.5842751843	129.3611793612	129.3611793612	129.3611793612	129.3611793612	130.3194103194	130.3194103194	130.3194103194	130.3194103194	130.3194103194	99.656019656	99.656019656	99.656019656	99.656019656	99.656019656
49								166.1425061425	166.1425061425	166.1425061425	165.3479115479	165.3479115479	165.3238329238	162.5307125307	162.5307125307	162.5307125307	162.5307125307	163.7346437346	163.7346437346	163.7346437346	163.7346437346	163.7346437346	125.2088452088	125.2088452088	125.2088452088	125.2088452088	125.2088452088
79								267.8624078624	267.8624078624	267.8624078624	266.5813267813	266.5813267813	266.5425061425	262.0393120393	262.0393120393	262.0393120393	262.0393120393	263.9803439803	263.9803439803	263.9803439803	263.9803439803	263.9803439803	201.8673218673	201.8673218673	201.8673218673	201.8673218673	201.8673218673
112								379.7542997543	379.7542997543	379.7542997543	377.9380835381	377.9380835381	377.883046683	371.4987714988	371.4987714988	371.4987714988	371.4987714988	374.2506142506	374.2506142506	374.2506142506	374.2506142506	374.2506142506	286.1916461916	286.1916461916	286.1916461916	286.1916461916	286.1916461916
120								406.8796068796	406.8796068796	406.8796068796	404.9336609337	404.9336609337	404.8746928747	398.0343980344	398.0343980344	398.0343980344	398.0343980344	400.9828009828	400.9828009828	400.9828009828	400.9828009828	400.9828009828	306.6339066339	306.6339066339	306.6339066339	306.6339066339	306.6339066339
40								135.6265356265	135.6265356265	135.6265356265	134.9778869779	134.9778869779	134.9582309582	132.6781326781	132.6781326781	132.6781326781	132.6781326781	133.6609336609	133.6609336609	133.6609336609	133.6609336609	133.6609336609	102.2113022113	102.2113022113	102.2113022113	102.2113022113	102.2113022113
101								342.457002457	342.457002457	342.457002457	340.8191646192	340.8191646192	340.7695331695	335.0122850123	335.0122850123	335.0122850123	335.0122850123	337.4938574939	337.4938574939	337.4938574939	337.4938574939	337.4938574939	258.0835380835	258.0835380835	258.0835380835	258.0835380835	258.0835380835
184								623.8820638821	623.8820638821	623.8820638821	620.8982800983	620.8982800983	620.8078624079	610.3194103194	610.3194103194	610.3194103194	610.3194103194	614.8402948403	614.8402948403	614.8402948403	614.8402948403	614.8402948403	470.171990172	470.171990172	470.171990172	470.171990172	470.171990172
40								135.6265356265	135.6265356265	135.6265356265	134.9778869779	134.9778869779	134.9582309582	132.6781326781	132.6781326781	132.6781326781	132.6781326781	133.6609336609	133.6609336609	133.6609336609	133.6609336609	133.6609336609	102.2113022113	102.2113022113	102.2113022113	102.2113022113	102.2113022113
130								440.7862407862	440.7862407862	440.7862407862	438.6781326781	438.6781326781	438.6142506143	431.2039312039	431.2039312039	431.2039312039	431.2039312039	434.398034398	434.398034398	434.398034398	434.398034398	434.398034398	332.1867321867	332.1867321867	332.1867321867	332.1867321867	332.1867321867
70								237.3464373464	237.3464373464	237.3464373464	236.2113022113	236.2113022113	236.1769041769	232.1867321867	232.1867321867	232.1867321867	232.1867321867	233.9066339066	233.9066339066	233.9066339066	233.9066339066	233.9066339066	178.8697788698	178.8697788698	178.8697788698	178.8697788698	178.8697788698
55								186.4864864865	186.4864864865	186.4864864865	185.5945945946	185.5945945946	185.5675675676	182.4324324324	182.4324324324	182.4324324324	182.4324324324	183.7837837838	183.7837837838	183.7837837838	183.7837837838	183.7837837838	140.5405405405	140.5405405405	140.5405405405	140.5405405405	140.5405405405
155								706.641025641	706.5085470085	706.5085470085	662.3931623932	662.3931623932	662.3931623932	662.3931623932	662.3931623932	662.3931623932	662.3931623932	662.3931623932	662.3931623932	662.3931623932	662.3931623932	662.3931623932	476.9230769231	476.9230769231	476.9230769231	476.9230769231	476.9230769231
28								127.6512820513	127.6273504274	127.6273504274	119.6581196581	119.6581196581	119.6581196581	119.6581196581	119.6581196581	119.6581196581	119.6581196581	119.6581196581	119.6581196581	119.6581196581	119.6581196581	119.6581196581	86.1538461538	86.1538461538	86.1538461538	86.1538461538	86.1538461538
37								168.6820512821	168.6504273504	168.6504273504	158.1196581197	158.1196581197	158.1196581197	158.1196581197	158.1196581197	158.1196581197	158.1196581197	158.1196581197	158.1196581197	158.1196581197	158.1196581197	158.1196581197	113.8461538462	113.8461538462	113.8461538462	113.8461538462	113.8461538462
50								227.9487179487	227.905982906	227.905982906	213.6752136752	213.6752136752	213.6752136752	213.6752136752	213.6752136752	213.6752136752	213.6752136752	213.6752136752	213.6752136752	213.6752136752	213.6752136752	213.6752136752	153.8461538462	153.8461538462	153.8461538462	153.8461538462	153.8461538462
200								911.7948717949	911.6239316239	911.6239316239	854.7008547009	854.7008547009	854.7008547009	854.7008547009	854.7008547009	854.7008547009	854.7008547009	854.7008547009	854.7008547009	854.7008547009	854.7008547009	854.7008547009	615.3846153846	615.3846153846	615.3846153846	615.3846153846	615.3846153846
122								556.1948717949	556.0905982906	556.0905982906	521.3675213675	521.3675213675	521.3675213675	521.3675213675	521.3675213675	521.3675213675	521.3675213675	521.3675213675	521.3675213675	521.3675213675	521.3675213675	521.3675213675	375.3846153846	375.3846153846	375.3846153846	375.3846153846	375.3846153846
30								136.7692307692	136.7435897436	136.7435897436	128.2051282051	128.2051282051	128.2051282051	128.2051282051	128.2051282051	128.2051282051	128.2051282051	128.2051282051	128.2051282051	128.2051282051	128.2051282051	128.2051282051	92.3076923077	92.3076923077	92.3076923077	92.3076923077	92.3076923077
15								68.3846153846	68.3717948718	68.3717948718	64.1025641026	64.1025641026	64.1025641026	64.1025641026	64.1025641026	64.1025641026	64.1025641026	64.1025641026	64.1025641026	64.1025641026	64.1025641026	64.1025641026	46.1538461538	46.1538461538	46.1538461538	46.1538461538	46.1538461538
200								911.7948717949	911.6239316239	911.6239316239	854.7008547009	854.7008547009	854.7008547009	854.7008547009	854.7008547009	854.7008547009	854.7008547009	854.7008547009	854.7008547009	854.7008547009	854.7008547009	854.7008547009	615.3846153846	615.3846153846	615.3846153846	615.3846153846	615.3846153846
105								478.6923076923	478.6025641026	478.6025641026	448.7179487179	448.7179487179	448.7179487179	448.7179487179	448.7179487179	448.7179487179	448.7179487179	448.7179487179	448.7179487179	448.7179487179	448.7179487179	448.7179487179	323.0769230769	323.0769230769	323.0769230769	323.0769230769	323.0769230769
26								118.5333333333	118.5111111111	118.5111111111	111.1111111111	111.1111111111	111.1111111111	111.1111111111	111.1111111111	111.1111111111	111.1111111111	111.1111111111	111.1111111111	111.1111111111	111.1111111111	111.1111111111	80	80	80	80	80
15								68.3846153846	68.3717948718	68.3717948718	64.1025641026	64.1025641026	64.1025641026	64.1025641026	64.1025641026	64.1025641026	64.1025641026	64.1025641026	64.1025641026	64.1025641026	64.1025641026	64.1025641026	46.1538461538	46.1538461538	46.1538461538	46.1538461538	46.1538461538
15								68.3846153846	68.3717948718	68.3717948718	64.1025641026	64.1025641026	64.1025641026	64.1025641026	64.1025641026	64.1025641026	64.1025641026	64.1025641026	64.1025641026	64.1025641026	64.1025641026	64.1025641026	46.1538461538	46.1538461538	46.1538461538	46.1538461538	46.1538461538
52								237.0666666667	237.0222222222	237.0222222222	222.2222222222	222.2222222222	222.2222222222	222.2222222222	222.2222222222	222.2222222222	222.2222222222	222.2222222222	222.2222222222	222.2222222222	222.2222222222	222.2222222222	160	160	160	160	160
43								196.0358974359	195.9991452991	195.9991452991	183.7606837607	183.7606837607	183.7606837607	183.7606837607	183.7606837607	183.7606837607	183.7606837607	183.7606837607	183.7606837607	183.7606837607	183.7606837607	183.7606837607	132.3076923077	132.3076923077	132.3076923077	132.3076923077	132.3076923077
24								109.4153846154	109.3948717949	109.3948717949	102.5641025641	102.5641025641	102.5641025641	102.5641025641	102.5641025641	102.5641025641	102.5641025641	102.5641025641	102.5641025641	102.5641025641	102.5641025641	102.5641025641	73.8461538462	73.8461538462	73.8461538462	73.8461538462	73.8461538462
53								241.6256410256	241.5803418803	241.5803418803	226.4957264957	226.4957264957	226.4957264957	226.4957264957	226.4957264957	226.4957264957	226.4957264957	226.4957264957	226.4957264957	226.4957264957	226.4957264957	226.4957264957	163.0769230769	163.0769230769	163.0769230769	163.0769230769	163.0769230769
32								180.790960452	180.790960452	180.790960452	200.9190207156	200.8587570621	200.8587570621	195.856873823	195.856873823	195.856873823	195.856873823	168.7382297552	168.7382297552	168.7382297552	168.7382297552	168.7382297552	132.5800376648	132.5800376648	132.5800376648	132.5800376648	132.5800376648
39								220.3389830508	220.3389830508	220.3389830508	244.8700564972	244.7966101695	244.7966101695	238.7005649718	238.7005649718	238.7005649718	238.7005649718	205.6497175141	205.6497175141	205.6497175141	205.6497175141	205.6497175141	161.581920904	161.581920904	161.581920904	161.581920904	161.581920904
147								830.5084745763	830.5084745763	830.5084745763	922.9717514124	922.6949152542	922.6949152542	899.7175141243	899.7175141243	899.7175141243	899.7175141243	775.1412429379	775.1412429379	775.1412429379	775.1412429379	775.1412429379	609.0395480226	609.0395480226	609.0395480226	609.0395480226	609.0395480226
39								220.3389830508	220.3389830508	220.3389830508	244.8700564972	244.7966101695	244.7966101695	238.7005649718	238.7005649718	238.7005649718	238.7005649718	205.6497175141	205.6497175141	205.6497175141	205.6497175141	205.6497175141	161.581920904	161.581920904	161.581920904	161.581920904	161.581920904
25								141.2429378531	141.2429378531	141.2429378531	156.9679849341	156.9209039548	156.9209039548	153.0131826742	153.0131826742	153.0131826742	153.0131826742	131.8267419962	131.8267419962	131.8267419962	131.8267419962	131.8267419962	103.5781544256	103.5781544256	103.5781544256	103.5781544256	103.5781544256
124								700.5649717514	700.5649717514	700.5649717514	778.5612052731	778.3276836158	778.3276836158	758.945386064	758.945386064	758.945386064	758.945386064	653.8606403013	653.8606403013	653.8606403013	653.8606403013	653.8606403013	513.747645951	513.747645951	513.747645951	513.747645951	513.747645951
25								141.2429378531	141.2429378531	141.2429378531	156.9679849341	156.9209039548	156.9209039548	153.0131826742	153.0131826742	153.0131826742	153.0131826742	131.8267419962	131.8267419962	131.8267419962	131.8267419962	131.8267419962	103.5781544256	103.5781544256	103.5781544256	103.5781544256	103.5781544256
25								141.2429378531	141.2429378531	141.2429378531	156.9679849341	156.9209039548	156.9209039548	153.0131826742	153.0131826742	153.0131826742	153.0131826742	131.8267419962	131.8267419962	131.8267419962	131.8267419962	131.8267419962	103.5781544256	103.5781544256	103.5781544256	103.5781544256	103.5781544256
25								141.2429378531	141.2429378531	141.2429378531	156.9679849341	156.9209039548	156.9209039548	153.0131826742	153.0131826742	153.0131826742	153.0131826742	131.8267419962	131.8267419962	131.8267419962	131.8267419962	131.8267419962	103.5781544256	103.5781544256	103.5781544256	103.5781544256	103.5781544256
25								141.2429378531	141.2429378531	141.2429378531	156.9679849341	156.9209039548	156.9209039548	153.0131826742	153.0131826742	153.0131826742	153.0131826742	131.8267419962	131.8267419962	131.8267419962	131.8267419962	131.8267419962	103.5781544256	103.5781544256	103.5781544256	103.5781544256	103.5781544256
25								141.2429378531	141.2429378531	141.2429378531	156.9679849341	156.9209039548	156.9209039548	153.0131826742	153.0131826742	153.0131826742	153.0131826742	131.8267419962	131.8267419962	131.8267419962	131.8267419962	131.8267419962	103.5781544256	103.5781544256	103.5781544256	103.5781544256	103.5781544256
64								549.8281786942	549.8281786942	549.8281786942	476.5910652921	476.4810996564	476.4810996564	412.3711340206	412.3711340206	412.3711340206	412.3711340206	373.883161512	373.883161512	373.883161512	373.883161512	373.883161512	329.8969072165	329.8969072165	329.8969072165	329.8969072165	329.8969072165
32								274.9140893471	274.9140893471	274.9140893471	238.295532646	238.2405498282	238.2405498282	206.1855670103	206.1855670103	206.1855670103	206.1855670103	186.941580756	186.941580756	186.941580756	186.941580756	186.941580756	164.9484536082	164.9484536082	164.9484536082	164.9484536082	164.9484536082
20								171.8213058419	171.8213058419	171.8213058419	148.9347079038	148.9003436426	148.9003436426	128.8659793814	128.8659793814	128.8659793814	128.8659793814	116.8384879725	116.8384879725	116.8384879725	116.8384879725	116.8384879725	103.0927835052	103.0927835052	103.0927835052	103.0927835052	103.0927835052
15								128.8659793814	128.8659793814	128.8659793814	111.7010309278	111.675257732	111.675257732	96.6494845361	96.6494845361	96.6494845361	96.6494845361	87.6288659794	87.6288659794	87.6288659794	87.6288659794	87.6288659794	77.3195876289	77.3195876289	77.3195876289	77.3195876289	77.3195876289
29								249.1408934708	249.1408934708	249.1408934708	215.9553264605	215.9054982818	215.9054982818	186.8556701031	186.8556701031	186.8556701031	186.8556701031	169.4158075601	169.4158075601	169.4158075601	169.4158075601	169.4158075601	149.4845360825	149.4845360825	149.4845360825	149.4845360825	149.4845360825
35								300.6872852234	300.6872852234	300.6872852234	260.6357388316	260.5756013746	260.5756013746	225.5154639175	225.5154639175	225.5154639175	225.5154639175	204.4673539519	204.4673539519	204.4673539519	204.4673539519	204.4673539519	180.412371134	180.412371134	180.412371134	180.412371134	180.412371134
35								300.6872852234	300.6872852234	300.6872852234	260.6357388316	260.5756013746	260.5756013746	225.5154639175	225.5154639175	225.5154639175	225.5154639175	204.4673539519	204.4673539519	204.4673539519	204.4673539519	204.4673539519	180.412371134	180.412371134	180.412371134	180.412371134	180.412371134
31								266.323024055	266.323024055	266.323024055	230.8487972509	230.795532646	230.795532646	199.7422680412	199.7422680412	199.7422680412	199.7422680412	181.0996563574	181.0996563574	181.0996563574	181.0996563574	181.0996563574	159.793814433	159.793814433	159.793814433	159.793814433	159.793814433
34								292.0962199313	292.0962199313	292.0962199313	253.1890034364	253.1305841924	253.1305841924	219.0721649485	219.0721649485	219.0721649485	219.0721649485	198.6254295533	198.6254295533	198.6254295533	198.6254295533	198.6254295533	175.2577319588	175.2577319588	175.2577319588	175.2577319588	175.2577319588
18								154.6391752577	154.6391752577	154.6391752577	134.0412371134	134.0103092784	134.0103092784	115.9793814433	115.9793814433	115.9793814433	115.9793814433	105.1546391753	105.1546391753	105.1546391753	105.1546391753	105.1546391753	92.7835051546	92.7835051546	92.7835051546	92.7835051546	92.7835051546
23								197.5945017182	197.5945017182	197.5945017182	171.2749140893	171.235395189	171.235395189	148.1958762887	148.1958762887	148.1958762887	148.1958762887	134.3642611684	134.3642611684	134.3642611684	134.3642611684	134.3642611684	118.5567010309	118.5567010309	118.5567010309	118.5567010309	118.5567010309
20								171.8213058419	171.8213058419	171.8213058419	148.9347079038	148.9003436426	148.9003436426	128.8659793814	128.8659793814	128.8659793814	128.8659793814	116.8384879725	116.8384879725	116.8384879725	116.8384879725	116.8384879725	103.0927835052	103.0927835052	103.0927835052	103.0927835052	103.0927835052
41								352.2336769759	352.2336769759	352.2336769759	305.3161512028	305.2457044674	305.2457044674	264.175257732	264.175257732	264.175257732	264.175257732	239.5189003436	239.5189003436	239.5189003436	239.5189003436	239.5189003436	211.3402061856	211.3402061856	211.3402061856	211.3402061856	211.3402061856
16								137.4570446735	137.4570446735	137.4570446735	119.147766323	119.1202749141	119.1202749141	103.0927835052	103.0927835052	103.0927835052	103.0927835052	93.470790378	93.470790378	93.470790378	93.470790378	93.470790378	82.4742268041	82.4742268041	82.4742268041	82.4742268041	82.4742268041
16								137.4570446735	137.4570446735	137.4570446735	119.147766323	119.1202749141	119.1202749141	103.0927835052	103.0927835052	103.0927835052	103.0927835052	93.470790378	93.470790378	93.470790378	93.470790378	93.470790378	82.4742268041	82.4742268041	82.4742268041	82.4742268041	82.4742268041
24								206.1855670103	206.1855670103	206.1855670103	178.7216494845	178.6804123711	178.6804123711	154.6391752577	154.6391752577	154.6391752577	154.6391752577	140.206185567	140.206185567	140.206185567	140.206185567	140.206185567	123.7113402062	123.7113402062	123.7113402062	123.7113402062	123.7113402062
12								103.0927835052	103.0927835052	103.0927835052	89.3608247423	89.3402061856	89.3402061856	77.3195876289	77.3195876289	77.3195876289	77.3195876289	70.1030927835	70.1030927835	70.1030927835	70.1030927835	70.1030927835	61.8556701031	61.8556701031	61.8556701031	61.8556701031	61.8556701031
12								103.0927835052	103.0927835052	103.0927835052	89.3608247423	89.3402061856	89.3402061856	77.3195876289	77.3195876289	77.3195876289	77.3195876289	70.1030927835	70.1030927835	70.1030927835	70.1030927835	70.1030927835	61.8556701031	61.8556701031	61.8556701031	61.8556701031	61.8556701031
20								171.8213058419	171.8213058419	171.8213058419	148.9347079038	148.9003436426	148.9003436426	128.8659793814	128.8659793814	128.8659793814	128.8659793814	116.8384879725	116.8384879725	116.8384879725	116.8384879725	116.8384879725	103.0927835052	103.0927835052	103.0927835052	103.0927835052	103.0927835052
20								171.8213058419	171.8213058419	171.8213058419	148.9347079038	148.9003436426	148.9003436426	128.8659793814	128.8659793814	128.8659793814	128.8659793814	116.8384879725	116.8384879725	116.8384879725	116.8384879725	116.8384879725	103.0927835052	103.0927835052	103.0927835052	103.0927835052	103.0927835052
22								189.0034364261	189.0034364261	189.0034364261	163.8281786942	163.7903780069	163.7903780069	141.7525773196	141.7525773196	141.7525773196	141.7525773196	128.5223367698	128.5223367698	128.5223367698	128.5223367698	128.5223367698	113.4020618557	113.4020618557	113.4020618557	113.4020618557	113.4020618557
23								197.5945017182	197.5945017182	197.5945017182	171.2749140893	171.235395189	171.235395189	148.1958762887	148.1958762887	148.1958762887	148.1958762887	134.3642611684	134.3642611684	134.3642611684	134.3642611684	134.3642611684	118.5567010309	118.5567010309	118.5567010309	118.5567010309	118.5567010309
20								171.8213058419	171.8213058419	171.8213058419	148.9347079038	148.9003436426	148.9003436426	128.8659793814	128.8659793814	128.8659793814	128.8659793814	116.8384879725	116.8384879725	116.8384879725	116.8384879725	116.8384879725	103.0927835052	103.0927835052	103.0927835052	103.0927835052	103.0927835052

