454
20
664
389
15
30
25
18
15
50
18
60
25
12
49
15
22
20
25
25
64
42
12
12
12
377
31
20
26
73
50
48
15
10
190
24
30
193
61
38
305
20
70
50
28
25
31
358
20
20
443
20
85
17
23
59
20
50
24
20
30
22
19
34
255
18
69
77
132
25
20
20
20
22
19
10
22
501
197
61
35
25
20
397
20
27
20
27
88
34
70
38
18
40
53
57
48
41
20
3
3
27
74
55
82
11
69
70
22
25
17
22
22
22
19
22
34
45
85
97
45
22
22
15
16
90
42
26
21
110
100
130
173
40
29
26
30
26
31
34
31
56
28
40
19
92
48
95
22
22
22
20
20
141
159
97
68
80
78
109
42
113
17
46
26
39
49
79
112
120
40
101
184
40
130
70
55
155
28
37
50
200
122
30
15
200
105
26
15
15
52
43
24
53
32
39
147
39
25
124
25
25
25
25
25
64
32
20
15
29
35
35
31
34
18
23
20
41
16
16
24
12
12
20
20
22
23
20
235
235
98
79
60

